t	Capture	AGR	Saturation	Peleng, grad	Phase, grad	U1, мВ	U2, мВ	U3, мВ	U4, mV	Counter		999	0	0	0	-0.030488
999	0	0	0	-0.030488
999	0	0	0	-0.030488
999	0	0	0	-0.030488
999	0	0	0	-0.030488
999	0	0	0	-0.030488
999	0	0	0	-0.030488
999	0	0	0	-0.030488
999	0	0	0	-0.030488
999	0	0	0	-0.030488
999	0	0	0	-0.030488
999	0	0	0	-0.030488
999	0	0	0	-0.030488
999	0	0	0	-0.030488
999	0	0	0	-0.030488
999	0	0	0	-0.030488
999	0	0	0	-0.030488
999	0	0	0	-0.030488
999	0	0	0	-0.030488
999	0	0	0	-0.030488
999	0	0	0	-0.030488
999	0	0	0	-0.030488
999	0	0	0	-0.030488
999	0	0	0	-0.030488
999	0	0	0	-0.030488
999	0	0	0	-0.030488
999	0	0	0	-0.030488
999	0	0	0	-0.030488
999	0	0	0	-0.030488
999	0	0	0	-0.030488
999	0	0	0	-0.030488
999	0	0	0	-0.030488
999	0	0	0	-0.030488
999	0	0	0	-0.030488
999	0	0	0	-0.030488
999	0	0	0	-0.030488
999	0	0	0	-0.030488
999	0	0	0	-0.030488
999	0	0	0	-0.030488
999	0	0	0	-0.030488
999	0	0	0	-0.030488
999	0	0	0	-0.030488
999	0	0	0	-0.030488
999	0	0	0	-0.030488
999	0	0	0	-0.030488
999	0	0	0	-0.030488
999	0	0	0	-0.030488
999	0	0	0	-0.030488
999	0	0	0	-0.030488
999	0	0	0	-0.030488
999	0	0	0	-0.030488
999	0	0	0	-0.030488
999	0	0	0	-0.030488
999	0	0	0	-0.030488
999	0	0	0	-0.030488
999	0	0	0	-0.030488
999	0	0	0	-0.030488
999	0	0	0	-0.030488
999	0	0	0	-0.030488
999	0	0	0	-0.030488
999	0	0	0	-0.030488
999	0	0	0	-0.030488
999	0	0	0	-0.030488
999	0	0	0	-0.030488
999	0	0	0	-0.030488
999	0	0	0	-0.030488
999	0	0	0	-0.030488
999	0	0	0	-0.030488
999	0	0	0	-0.030488
999	0	0	0	-0.030488
999	0	0	0	-0.030488
999	0	0	0	-0.030488
999	0	0	0	-0.030488
999	0	0	0	-0.030488
999	0	0	0	-0.030488
999	0	0	0	-0.030488
999	0	0	0	-0.030488
999	0	0	0	-0.030488
999	0	0	0	-0.030488
999	0	0	0	-0.030488
999	0	0	0	-0.030488
999	0	0	0	-0.030488
999	0	0	0	-0.030488
999	0	0	0	-0.030488
999	0	0	0	-0.030488
999	0	0	0	-0.030488
999	0	0	0	-0.030488
999	0	0	0	-0.030488
999	0	0	0	-0.030488
999	0	0	0	-0.030488
999	0	0	0	-0.030488
999	0	0	0	-0.030488
999	0	0	0	-0.030488
999	0	0	0	-0.030488
999	0	0	0	-0.030488
999	0	0	0	-0.030488
999	0	0	0	-0.030488
999	0	0	0	-0.030488
999	0	0	0	-0.030488
999	0	0	0	0.000000
